time,x,y,z,phi,theta,psi,x_velocity,y_velocity,z_velocity,phi_velocity,theta_velocity,psi_velocity,rotor_speed1,rotor_speed2,rotor_speed3,rotor_speed4
0.06,1.16073047199e-07,-1.05716310008e-07,10.0087249687,6.28303185248,6.28295046525,0.0,1.72758267972e-05,-1.27821386026e-05,0.29080331628,-0.00823879651614,-0.013193113935,0.0,493.97778668997967,493.004192602326,494.3046219282948,493.6972699364598
0.12000000000000001,7.85448609939e-06,-5.23079487596e-06,10.0260048642,6.28227665933,6.2821067119,0.0,0.000311242252836,-0.00021041831609,0.285194621985,-0.0231295380833,-0.0158606671458,0.0,400.7030169459252,400.4605713211846,404.27113825346174,402.9274803009787
0.18,5.58656504468e-05,-4.50295061074e-05,10.0488725563,6.28100451327,6.28120154833,0.0,0.00139633244121,-0.00126959160612,0.47700043682,-0.01760308846,-0.0135802405573,0.0,464.9117356185269,465.0904607591664,465.2425759099705,465.6750237607944
0.23999999999999996,0.000197509857679,-0.000185289025842,10.0869096148,6.28014635904,6.28005637271,0.0,0.00345141194551,-0.00353232680928,0.79073736086,-0.00840651975958,-0.0333563956727,0.0,501.8461907480493,500.40893863715064,499.38792582358695,500.0583234702175
0.3,0.000479143305613,-0.000464031387689,10.1379937972,6.27946832285,6.27803322071,0.0,0.00614763364885,-0.00582018952498,0.911978394046,-0.0178284799184,-0.0344547086259,0.0,444.9094759685837,444.8190969954094,444.01173700589567,443.2383038413337
0.36000000000000004,0.000951713396567,-0.000886710478584,10.1938004821,6.27812580943,6.27602695917,0.0,0.00979300214571,-0.00837873675395,0.948213265683,-0.0335191167884,-0.0314779205608,0.0,417.3360427153054,417.5952300393603,417.30508797861535,415.93325427264773
0.4200000000000001,0.00168076187749,-0.00149172097318,10.2518678145,6.27613090461,6.27384396825,0.0,0.0146953901919,-0.0119743487405,0.987328674279,-0.0327125406425,-0.048647558599,0.0,419.27601200441393,417.7810604146677,417.5815717579825,417.6514039716269
0.48000000000000015,0.00276478682752,-0.0023619935331,10.3139146692,6.27416598408,6.27082996073,0.0,0.0217374552021,-0.0172325126816,1.08081098144,-0.0328210289048,-0.0536092282236,0.0,436.54606760101314,436.13025065926763,435.3502146214268,435.3407028398531
0.5400000000000001,0.00436902255497,-0.00361330778472,10.3842754679,6.27177209213,6.26772194461,0.0,0.0320960663069,-0.0247184388124,1.26435651204,-0.0603736275393,-0.0484089790264,0.0,462.88026520951837,463.2876544153115,465.70355566532976,463.54273674593213
0.6000000000000002,0.00663308703915,-0.00535213327217,10.4636541512,6.26832749629,6.26528241075,0.0,0.0436464228551,-0.0336094837533,1.38145559879,-0.0520607390035,-0.0284741155373,0.0,442.5534345289425,444.19011257431,444.1565214725357,444.8354024162538
0.6600000000000003,0.00965476511888,-0.00770994430523,10.5510057728,6.26545105683,6.26379019002,0.0,0.0572465414147,-0.0453077069236,1.53006891785,-0.0407661046657,-0.0184937389741,0.0,453.70128743867383,454.5017097905314,453.4584761071404,454.3634085290899
0.7200000000000003,0.0135366522037,-0.0108438615716,10.6479866457,6.26281279423,6.2621289891,0.0,0.0722836684251,-0.0594372385228,1.70237729417,-0.0513042546281,-0.0614285836426,0.0,462.3608555642991,458.96557994886365,462.99794388177713,462.1671350719058
0.7800000000000004,0.01841501874,-0.0149309808542,10.757362525,6.25920095356,6.25819446827,0.0,0.0907861862764,-0.0771863729483,1.94308763365,-0.0913038048276,-0.0755186842196,0.0,483.4056559181339,482.3399364023497,483.2885957800437,480.26165776372824
0.8400000000000004,0.0243323460281,-0.0200170377909,10.8744819364,6.25330774147,6.25342429874,0.0,0.106873637734,-0.0928532028446,1.96083618941,-0.117959918827,-0.088974270959,0.0,414.41641070334725,413.2263566310519,415.2190811780669,412.864503454946
0.9000000000000005,0.0315132765063,-0.0263687286361,10.9994911971,6.2462387019,6.24883335702,0.0,0.133080703048,-0.119728300227,2.20564892688,-0.11753392439,-0.0590652203177,0.0,483.83807019676055,486.07999529061277,483.99780706718093,484.01864753554565
0.9600000000000005,0.0402789012252,-0.0344052086566,11.136454295,6.23921209759,6.24530432174,0.0,0.159484714379,-0.148915941519,2.35943376927,-0.116276342468,-0.0583260883503,0.0,457.48103692123226,457.53757459225557,459.6275298179225,459.7153838882543
1.0200000000000005,0.0506203024264,-0.044247918669,11.280399342,6.23208709084,6.24233660538,0.0,0.185537567958,-0.179862964923,2.43851807846,-0.124218119579,-0.0359219339066,0.0,435.1407374205711,437.0104326809414,436.37780890564636,435.7013442248983
1.0800000000000005,0.0625324329464,-0.0560316049424,11.4279326379,6.22450428842,6.24028529466,0.0,0.211724948456,-0.213621758899,2.47911783615,-0.131092986077,-0.0309300446473,0.0,423.47446982295355,423.90309034744746,424.7047902777396,424.0993074612127
1.1400000000000006,0.076188020329,-0.0701710936066,11.5809951879,6.2173453182,6.23808960641,0.0,0.243662337433,-0.258481636484,2.62257934105,-0.102563931498,-0.0514195000548,0.0,458.41299811480457,456.7813202841268,455.2234002001801,457.4875595186446
1.2000000000000006,0.0917100132451,-0.08700267418,11.7404039512,6.21098205394,6.23483576165,0.0,0.274037016566,-0.303167223536,2.69081951311,-0.114146737282,-0.0605447571571,0.0,434.2576632755161,433.4894757736183,435.03820373893996,434.0570409339005
1.2600000000000007,0.109177701497,-0.106728902402,11.9050582006,6.20393996447,6.23120304539,0.0,0.30857977013,-0.355067437573,2.79731204066,-0.124739257477,-0.0605462984538,0.0,446.6934738214986,446.690765728743,447.4752409659978,446.59976920646363
1.3200000000000007,0.128838441546,-0.129787041596,12.0769469594,6.19704327916,6.22812712603,0.0,0.34711346295,-0.414272986554,2.93187465907,-0.100334431315,-0.0372369361138,0.0,455.056050557678,456.9163424112268,455.66201440457303,457.5970296955979
1.3800000000000008,0.151015744352,-0.156767943727,12.2594744488,6.19068341732,6.22656134269,0.0,0.392314901252,-0.485774957394,3.15168953266,-0.120804346704,-0.0100001045948,0.0,481.55770166862544,483.6134004849003,483.4983158160648,481.9445209265867
1.4400000000000008,0.175646433853,-0.187720753541,12.4500914757,6.18324271061,6.22607442615,0.0,0.428747229482,-0.546666081944,3.20197565248,-0.131345447262,-0.00458950774664,0.0,431.5505901733366,432.00717882591374,432.84157244297825,431.93899459364
1.5000000000000009,0.20268716448,-0.222852964701,12.6474728127,6.17654716398,6.22543050376,0.0,0.472623630518,-0.625161961311,3.37677916673,-0.0878669883865,-0.0273241232385,0.0,473.31222360391416,471.5593526308761,468.51720288630366,471.8740471997658
1.560000000000001,0.232223176775,-0.262548334148,12.8526344348,6.17198703017,6.2236644172,0.0,0.512060385183,-0.6984730754,3.46158788785,-0.0591544024584,-0.0340300671961,0.0,445.05532740639575,444.50583081509114,444.01615734803,446.3606646667916
1.620000000000001,0.264362450147,-0.307101777798,13.066192554,6.16912560297,6.22126837442,0.0,0.559460444301,-0.786938126691,3.65630764051,-0.0312553209027,-0.0556239155963,0.0,480.55879574387427,478.91831634143574,477.56234397654003,479.68431544059473
1.680000000000001,0.299056161574,-0.356385106901,13.2858517569,6.16735108102,6.21807607755,0.0,0.597279718558,-0.856000221636,3.66555886321,-0.0264115368716,-0.0487612454173,0.0,422.2912690173773,422.88083514347403,422.7084667138157,423.12538157526274
1.740000000000001,0.336338366761,-0.410309359776,13.5100415035,6.16568421983,6.21509055393,0.0,0.645744034296,-0.94159903598,3.80687573708,-0.0306707269905,-0.051831534379,0.0,464.85799651100393,464.6158958744255,465.25716770959247,464.9234007721188
1.8000000000000012,0.376461518119,-0.469181708156,13.7407844553,6.16334525891,6.21167706123,0.0,0.691989705172,-1.02098112597,3.88419570314,-0.0660029115663,-0.0696533701003,0.0,446.28280438887543,444.8233300615147,448.4485678778925,445.56807004993925
1.8600000000000012,0.419199835813,-0.5324887686,13.9729825915,6.15998787822,6.20749454997,0.0,0.732969644568,-1.08956890625,3.85572487215,-0.0410563750967,-0.0698189925221,0.0,412.63636891808164,412.6176401801353,410.9567198392216,413.15961643880877
1.9200000000000013,0.464795829087,-0.600495730898,14.2077256402,6.15712476061,6.20359970004,0.0,0.787278188647,-1.17755579214,3.96851952609,-0.0663823141658,-0.0565713267031,0.0,457.6951974663638,458.745378251041,459.2047472104735,457.1896923139824
1.9800000000000013,0.513913939315,-0.674141300592,14.4515016904,6.15293987207,6.20012669097,0.0,0.850322563124,-1.27767998167,4.15649754846,-0.0775072694208,-0.0606449529678,0.0,482.02611702891323,481.7161143657051,482.3772511490834,481.53302175859216
2.0400000000000014,0.566858360765,-0.753838451265,14.7060929113,6.14844685524,6.19669870058,0.0,0.914822892748,-1.37932116668,4.32903133488,-0.0700967521831,-0.0509031546255,0.0,477.7466771729113,478.48692433956455,479.7839584566523,480.34234434314806
2.1000000000000014,0.62338911398,-0.839182381843,14.9669417352,6.14416499258,6.19389917112,0.0,0.969780241593,-1.46585483867,4.36562275662,-0.074026921835,-0.0392955043411,0.0,438.5304223024178,439.4923071206582,438.9012952714568,438.5709569840421
2.1600000000000015,0.68303643899,-0.929446988088,15.2274406607,6.13961370362,6.19180448664,0.0,1.01864333407,-1.54335982844,4.31771153472,-0.0797846020685,-0.027336776092,0.0,411.6322531516265,412.6886510222517,410.822960402173,410.3069787429436
2.2200000000000015,0.745568011213,-1.02431878014,15.4842130918,6.13505533373,6.19021008519,0.0,1.06587527925,-1.61944098905,4.24151699412,-0.0692740445438,-0.0250888542715,0.0,401.70103939424655,401.9046261193949,400.53004639524244,401.47965484253245
2.2800000000000016,0.811262445993,-1.12431560423,15.7396466598,6.13084075768,6.18880309323,0.0,1.12404146241,-1.71416412722,4.27264521661,-0.0722536354609,-0.0203587117655,0.0,436.529741527512,436.9242529247254,438.25191569321026,438.00031112631615
2.3400000000000016,0.88040019419,-1.22996823875,15.9962069857,6.12644868186,6.18727694014,0.0,1.18064482207,-1.80798442324,4.27916537953,-0.075166117788,-0.0382585553858,0.0,430.1219896579673,428.6029974360672,430.76844395588023,430.5177031564443
2.4000000000000017,0.953016512988,-1.34142270415,16.2536953713,6.1221008943,6.18515313288,0.0,1.24006821144,-1.90756375392,4.30348577733,-0.0675440919889,-0.0302137787908,0.0,436.0416611486818,436.71269760877817,435.93794971929896,436.5702626606326
2.4600000000000017,1.02911215161,-1.45873925139,16.5114143332,6.1180401734,6.18285567025,0.0,1.29660212078,-2.00335951244,4.28702245881,-0.0679490893864,-0.0638900900097,0.0,424.49655104913296,421.5953305366675,423.8644022264648,423.8259098200215
2.520000000000002,1.10907116351,-1.58257652654,16.7722876606,6.11430594236,6.17863365353,0.0,1.36904493615,-2.12488787855,4.40801117432,-0.0527445565783,-0.088261517667,0.0,468.5169387170106,466.6142607252231,467.3249283142632,468.50604893133766
2.580000000000002,1.19297234255,-1.71299443007,17.0357541454,6.1115768346,6.17353596357,0.0,1.4280827949,-2.22265729084,4.37411901076,-0.0339225717747,-0.0790696542038,0.0,419.0265690031279,419.81855374822504,418.7647726322436,420.39763050885006
2.640000000000002,1.28047657955,-1.84929735471,17.2969836666,6.10953787561,6.16905712823,0.0,1.48909392,-2.32099325239,4.33349049058,-0.0341030517763,-0.067017557884,0.0,417.2401041471208,418.28631515817153,416.9974638925605,416.981141853128
2.700000000000002,1.37234134934,-1.99248967222,17.561139362,6.10758794327,6.16485186401,0.0,1.57341120105,-2.4522216985,4.47087671322,-0.0294699853204,-0.077065971359,0.0,475.56720725978425,474.793384720491,473.7920938757729,474.1478767827531
2.760000000000002,1.46891152981,-2.14295831593,17.8298662773,6.10606591937,6.1612914701,0.0,1.64591009655,-2.56356585323,4.48639549324,-0.0182174177065,-0.0371666876248,0.0,436.2748929407312,439.59098975683133,437.7297868486858,438.66518935943947
2.820000000000002,1.5696411947,-2.2997942095,18.0975499227,6.10503452056,6.15931271553,0.0,1.71190092959,-2.664465116,4.43642842877,-0.0152105755764,-0.0257013831313,0.0,416.20431805280015,417.2062043905553,416.58703831549235,416.84997544613674
2.880000000000002,1.67468064463,-2.46317662452,18.3647900303,6.1039608006,6.15790592326,0.0,1.78948742935,-2.78172832658,4.47123910472,-0.0238926018093,-0.019280869793,0.0,444.59274506923566,445.1185004810603,445.1865975588952,444.47559299128983
2.940000000000002,1.78502909682,-2.63452745163,18.6390546812,6.10357242621,6.15643782033,0.0,1.88878316805,-2.92994846352,4.66982902243,0.0154608126846,-0.0376554078544,0.0,496.8362637502451,495.4870386436649,493.406170480118,496.3033804728944
3.000000000000002,1.90034136946,-2.81335451445,18.9173181214,6.10448060464,6.15456263086,0.0,1.95511188116,-3.03100360728,4.60576084676,0.0144792974899,-0.0208143646018,0.0,413.6564989421574,415.1366728686814,415.5727618344582,415.48661707606135
3.0600000000000023,2.01950997345,-2.99805166667,19.1906372874,6.10571950404,6.15314747956,0.0,2.01728233791,-3.12564996709,4.50520007385,0.0307730213311,-0.0298011041671,0.0,402.96033853090313,402.1468429693908,400.2861716984588,401.7665198876859
3.1200000000000023,2.14257586984,-3.18863127195,19.45905962,6.10804922308,6.15152842314,0.0,2.08503578608,-3.22697668758,4.44237677691,0.0513932472384,-0.0218749512187,0.0,413.59354841967547,414.2909335849804,413.7440491341087,415.55666447437187
3.1800000000000024,2.26987180596,-3.38546691411,19.7248110628,6.11118289289,6.15050103077,0.0,2.15822304573,-3.33407493123,4.41604120588,0.0538462412821,-0.00900135569691,0.0,425.8568315430697,426.95681394301175,426.1551715612061,426.3667241633288
3.2400000000000024,2.40216018149,-3.58945885292,19.9933710376,6.11436299063,6.15017226554,0.0,2.25130462418,-3.46533664626,4.53535843008,0.0512571907915,0.000769222355764,0.0,472.58747894210916,473.34018370944125,472.53974958136644,472.3417534564376
3.3000000000000025,2.53965878881,-3.80082175153,20.2663685253,6.11760117544,6.1502838271,0.0,2.33189699535,-3.57989934537,4.56437103696,0.0589054311946,0.00395521083166,0.0,445.11269519677757,445.37335467907286,445.9610566015473,446.5873433540188
3.3600000000000025,2.68173356967,-4.01872193176,20.5392968784,6.12107414547,6.15101054756,0.0,2.40384361655,-3.68330301868,4.53335084382,0.0557558644344,0.024803447359,0.0,424.49215518151703,426.2776784714399,427.5830129157062,427.31702426739366
3.4200000000000026,2.82813669082,-4.24284378058,20.8106563946,6.12462432759,6.15231971578,0.0,2.47608862903,-3.78728791873,4.51205217075,0.0652443718067,0.0150612443468,0.0,430.050733395354,429.22462810858366,428.76442723540856,429.5724980283951
3.4800000000000026,2.97892959989,-4.47327714543,21.0814039277,6.12878836735,6.15308481359,0.0,2.55020329072,-3.89361609515,4.51286167283,0.0766291650306,0.00767825782681,0.0,437.4021576055754,436.78665388898315,435.4453765849316,436.4005994547061
3.5400000000000027,3.13397161974,-4.70984288582,21.3508959932,6.13333120547,6.15353637651,0.0,2.61779031174,-3.99172434142,4.47041361742,0.0738188544253,0.00721987205608,0.0,422.476592978441,422.4369501148767,421.8530021855273,421.61506800401094
3.6000000000000028,3.29300649133,-4.95220492658,21.6175241376,6.13787779975,6.15421440232,0.0,2.68329501537,-4.08685068213,4.41744983562,0.0794276644076,0.018416743936,0.0,417.0170610563262,417.99404435236625,418.34812593334703,418.8411999683641
3.660000000000003,3.45649458469,-5.2008442042,21.8851760054,6.14241915842,6.15556221236,0.0,2.76606391938,-4.20076967058,4.50393193087,0.0669120567508,0.0295275273472,0.0,462.37644589116877,463.25107864412576,463.0056565959043,462.0240236833605
3.720000000000003,3.62460596823,-5.45593889773,22.1557233858,6.14612654416,6.15828859016,0.0,2.83735828138,-4.30220515729,4.51431586041,0.0488241530842,0.0661067319095,0.0,437.8608534322893,440.89503681135403,440.0298764492522,438.53242253875925
3.780000000000003,3.7971683173,-5.71735760961,22.428844495,6.14900167746,6.16187117611,0.0,2.91421599189,-4.41158854356,4.58943077253,0.0460445881508,0.0421331083758,0.0,461.9784189047022,460.0861936953103,458.7432964321238,458.5238125508742
3.840000000000003,3.97383241901,-5.98484832532,22.7029969646,6.15168125413,6.16436587799,0.0,2.97432984695,-4.50474246762,4.54919995389,0.0417358247148,0.0404454569043,0.0,422.90141317900174,422.75701241753296,423.9369812762972,423.5677652114475
3.900000000000003,4.15446782372,-6.25838175142,22.9782488237,6.15430803381,6.16693714761,0.0,3.04648275796,-4.61291098651,4.62553177038,0.0475814353295,0.0472818077822,0.0,459.50791599267495,460.05055986526565,460.7561057734615,461.21908882923515
3.960000000000003,4.3389518897,-6.537933786,23.2545734333,6.15703808216,6.16965663314,0.0,3.10270470334,-4.70546855432,4.5855210689,0.040977489207,0.0410927423501,0.0,423.1052020590883,422.5732248381432,424.69748264987265,424.1318752434397
4.020000000000002,4.5269007901,-6.8231986968,23.5298222669,6.15932492705,6.17215009038,0.0,3.16196224894,-4.80333116036,4.58945032331,0.0316662946562,0.0424712865366,0.0,437.31500661008687,437.430789717927,438.2951860648972,437.5212275380843
4.080000000000001,4.71857872286,-7.11459164643,23.8074004293,6.1617865296,6.17448223387,0.0,3.22694583217,-4.90968949545,4.66283464069,0.0551484447185,0.0304653913908,0.0,460.5900172493419,459.640049861244,458.19846354536224,460.06257759749025
4.14,4.9138513628,-7.41207907793,24.0871506382,6.16547661555,6.17632923879,0.0,3.28191231153,-5.00645402747,4.6622368235,0.0718718203398,0.0314118837112,0.0,437.1795694989954,437.2587753955751,435.72809231314545,437.1268941346781
4.199999999999998,5.1123278263,-7.71529442662,24.3664399092,6.17014445062,6.17810335506,0.0,3.33375399944,-5.10056717747,4.64757606025,0.0875844846941,0.0256013506849,0.0,432.57777393084234,432.0884010002451,431.0927393790221,432.4235632534797
4.259999999999997,5.31411624992,-8.02437838134,24.6471795276,6.17537387022,6.17949687986,0.0,3.39228925639,-5.2019217293,4.71023964896,0.0862886044042,0.0179915110645,0.0,456.7739172506111,456.16657643550184,456.2604834982476,456.1630663753089
4.319999999999996,5.51973548891,-8.33985571874,24.935129337,6.18021914635,6.1810159605,0.0,3.46138089598,-5.31355651376,4.88735542307,0.0663975498414,0.0369685035099,0.0,490.1538214809502,491.5623609792502,491.75401641584915,490.2826200015859
4.379999999999995,5.72889037597,-8.66141415137,25.2283036825,6.18397703458,6.18314472424,0.0,3.51019173023,-5.40494482576,4.88524042903,0.0537755641148,0.0323219457219,0.0,437.63977097899965,437.253340115908,438.62323006153565,437.57640210791095
4.439999999999993,5.94088508876,-8.98839990632,25.5209977787,6.18731605485,6.18576653456,0.0,3.55603585395,-5.49452709097,4.87139185037,0.0591571008174,0.0600393762222,0.0,433.9360665733968,436.258074751995,432.128947626182,432.5846209635294
4.499999999999992,6.1558599275,-9.32103575309,25.8159125261,6.19160025812,6.19023186046,0.0,3.60925725658,-5.59313082492,4.95883740606,0.0886414209984,0.0937214566898,0.0,464.36859891829596,467.0074398473494,463.5766114666334,465.891486894411
4.559999999999991,6.37337257126,-9.65901310132,26.1102622412,6.19639806288,6.19572719173,0.0,3.6407314871,-5.67271508986,4.85358034123,0.0504979776995,0.0869441655922,0.0,403.5146988996474,402.9102608930681,404.3129474905311,400.8662328473761
4.6199999999999894,6.59304420636,-10.0021155607,26.4025500611,6.20025339884,6.20160624123,0.0,3.68103925838,-5.76393044385,4.88936583277,0.0829726872284,0.113965738237,0.0,446.8314845382626,449.0371430441807,447.0013488915707,449.6431672420744
4.679999999999988,6.81529406882,-10.3509601907,26.7006457309,6.20549940644,6.20824074849,0.0,3.72639600201,-5.86386068992,5.04667975972,0.095119916947,0.102752712061,0.0,484.41330888045695,483.57891773503906,485.0504418285772,485.96753644662925
4.739999999999987,7.03956165244,-10.7051749482,27.0009502905,6.21137355962,6.21445893852,0.0,3.74868006439,-5.94317007036,4.964178153,0.102952502524,0.105346568917,0.0,410.41597661715093,410.6564947290141,409.45890045994327,410.16433643417247
4.799999999999986,7.26547238377,-11.0645481955,27.3024993572,6.2176383351,6.22077983388,0.0,3.78089769211,-6.03552261539,5.08719184081,0.10718233172,0.105351627077,0.0,473.067161301246,473.0765142917654,475.0210800551474,475.3541054715352
4.859999999999984,7.49297865095,-11.4291866245,27.6084440327,6.22540023294,6.22669473443,0.0,3.80201079064,-6.11872098388,5.1112218915,0.154801703364,0.0794749947524,0.0,446.0502907845528,443.9397009480417,441.64541559635205,445.5703340680137
4.919999999999983,7.72160595603,-11.7986979599,27.9153712467,6.23529169203,6.23138344099,0.0,3.81842987891,-6.19779481828,5.12008703475,0.179757135513,0.0753448417491,0.0,438.97607241347885,438.638095679595,437.8386529002183,439.9360639454198
4.979999999999982,7.95103382282,-12.1727565691,28.2211339918,6.24628232515,6.23631724291,0.0,3.82875267782,-6.27029967242,5.0727281326,0.189255768875,0.0933048293973,0.0,419.0847978995613,420.6490764043179,418.7163556667713,419.57663968507717
5.0399999999999805,8.18117814811,-12.5511971794,28.528283,6.25740416483,6.24202864313,0.0,3.8420875235,-6.34357102445,5.16566604538,0.176166160158,0.0987138388186,0.0,462.45813481360915,462.8913584289458,463.0073606522719,462.00796564763914
